CT imp time 
4 0,0054569244384765625
4 0,006850242614746094
4 0,007977008819580078
4 0,013400793075561523
4 0,009066581726074219
avg = 0.0085474

CI imp time
6 0,01264333724975586
6 0,011684894561767578
6 0,010232925415039062
6 0,010704517364501953
6 0,011720895767211914
avg = 0.01136

CT org time 
7 0,01496958732605
7 0,009312629699707
7 0,01474666595459
7 0,017929315567017
7 0,014832019805908
avg = 0.014322

CI org time 
9 0,01774001121520996
9 0,01608443260192871
9 0,018503427505493164
9 0,023001432418823242
9 0,017399311065673828
avg = 0.0185